0.33,0.00
0.34,0.00
0.35,0.01
0.36,0.01
0.37,0.01
0.38,0.01
0.38,0.02
0.39,0.02
0.40,0.02
0.41,0.02
0.42,0.03
0.43,0.03
0.43,0.03
0.44,0.03
0.45,0.04
0.46,0.04
0.47,0.04
0.48,0.04
0.48,0.05
0.49,0.05
0.50,0.05
0.51,0.05
0.52,0.06
0.53,0.06
0.53,0.06
0.54,0.06
0.55,0.07
0.56,0.07
0.57,0.07
0.58,0.07
0.58,0.08
0.59,0.08
0.60,0.08
0.61,0.08
0.62,0.09
0.63,0.09
0.63,0.09
0.64,0.09
0.65,0.10
0.66,0.10
0.67,0.10
0.68,0.10
0.68,0.11
0.69,0.11
0.70,0.11
0.71,0.11
0.72,0.12
0.73,0.12
0.73,0.12
0.74,0.12
0.75,0.13
0.76,0.13
0.77,0.13
0.78,0.13
0.78,0.14
0.79,0.14
0.80,0.14
0.81,0.14
0.82,0.14
0.83,0.15
0.83,0.15
0.84,0.15
0.85,0.15
0.86,0.16
0.87,0.16
0.88,0.16
0.88,0.16
0.89,0.17
0.90,0.17
0.91,0.17
0.92,0.17
0.93,0.18
0.93,0.18
0.94,0.18
0.95,0.18
0.96,0.19
0.97,0.19
0.98,0.19
0.98,0.19
0.99,0.20
1.00,0.20
1.01,0.20
1.02,0.20
1.03,0.21
1.03,0.21
1.04,0.21
1.05,0.21
1.06,0.22
1.07,0.22
1.08,0.22
1.08,0.22
1.09,0.23
1.10,0.23
1.11,0.23
1.12,0.23
1.13,0.24
1.13,0.24
1.14,0.24
1.15,0.24
1.16,0.24
1.17,0.25
1.18,0.25
1.18,0.25
1.19,0.25
1.20,0.26
1.21,0.26
1.22,0.26
1.23,0.26
1.23,0.27
1.24,0.27
1.25,0.27
1.26,0.27
1.27,0.28
1.28,0.28
1.28,0.28
1.29,0.28
1.30,0.29
1.31,0.29
1.32,0.29
1.33,0.29
1.33,0.29
1.34,0.30
1.35,0.30
1.36,0.30
1.37,0.30
1.38,0.31
1.38,0.31
1.39,0.31
1.40,0.31
1.41,0.32
1.42,0.32
1.43,0.32
1.43,0.32
1.44,0.32
1.45,0.33
1.46,0.33
1.47,0.33
1.48,0.33
1.48,0.34
1.49,0.34
1.50,0.34
1.51,0.34
1.52,0.35
1.53,0.35
1.53,0.35
1.54,0.35
1.55,0.35
1.56,0.36
1.57,0.36
1.58,0.36
1.58,0.36
1.59,0.37
1.60,0.37
1.61,0.37
1.62,0.37
1.63,0.37
1.63,0.38
1.64,0.38
1.65,0.38
1.66,0.38
1.67,0.39
1.68,0.39
1.68,0.39
1.69,0.39
1.70,0.39
1.71,0.40
1.72,0.40
1.73,0.40
1.73,0.40
1.74,0.41
1.75,0.41
1.76,0.41
1.77,0.41
1.78,0.41
1.78,0.42
1.79,0.42
1.80,0.42
1.81,0.42
1.82,0.42
1.83,0.43
1.83,0.43
1.84,0.43
1.85,0.43
1.86,0.44
1.87,0.44
1.88,0.44
1.88,0.44
1.89,0.44
1.90,0.45
1.91,0.45
1.92,0.45
1.93,0.45
1.93,0.45
1.94,0.46
1.95,0.46
1.96,0.46
1.97,0.46
1.98,0.46
1.98,0.47
1.99,0.47
2.00,0.47
2.01,0.47
2.02,0.47
2.03,0.48
2.03,0.48
2.04,0.48
2.05,0.48
2.06,0.48
2.07,0.49
2.08,0.49
2.08,0.49
2.09,0.49
2.10,0.49
2.11,0.50
2.12,0.50
2.13,0.50
2.13,0.50
2.14,0.50
2.15,0.51
2.16,0.51
2.17,0.51
2.18,0.51
2.18,0.51
2.19,0.52
2.20,0.52
2.21,0.52
2.22,0.52
2.23,0.52
2.23,0.53
2.24,0.53
2.25,0.53
2.26,0.53
2.27,0.53
2.28,0.53
2.28,0.54
2.29,0.54
2.30,0.54
2.31,0.54
2.32,0.54
2.33,0.55
2.33,0.55
2.34,0.55
2.35,0.55
2.36,0.55
2.37,0.55
2.38,0.56
2.38,0.56
2.39,0.56
2.40,0.56
2.41,0.56
2.42,0.57
2.43,0.57
2.43,0.57
2.44,0.57
2.45,0.57
2.46,0.57
2.47,0.58
2.48,0.58
2.48,0.58
2.49,0.58
2.50,0.58
2.51,0.58
2.52,0.59
2.53,0.59
2.53,0.59
2.54,0.59
2.55,0.59
2.56,0.60
2.57,0.60
2.58,0.60
2.58,0.60
2.59,0.60
2.60,0.60
2.61,0.61
2.62,0.61
2.63,0.61
2.63,0.61
2.64,0.61
2.65,0.61
2.66,0.61
2.67,0.62
2.68,0.62
2.68,0.62
2.69,0.62
2.70,0.62
2.71,0.62
2.72,0.63
2.73,0.63
2.73,0.63
2.74,0.63
2.75,0.63
2.76,0.63
2.77,0.64
2.78,0.64
2.78,0.64
2.79,0.64
2.80,0.64
2.81,0.64
2.82,0.64
2.83,0.65
2.83,0.65
2.84,0.65
2.85,0.65
2.86,0.65
2.87,0.65
2.88,0.65
2.88,0.66
2.89,0.66
2.90,0.66
2.91,0.66
2.92,0.66
2.93,0.66
2.93,0.66
2.94,0.67
2.95,0.67
2.96,0.67
2.97,0.67
2.98,0.67
2.98,0.67
2.99,0.67
3.00,0.68
3.01,0.68
3.02,0.68
3.03,0.68
3.03,0.68
3.04,0.68
3.05,0.68
3.06,0.68
3.07,0.69
3.08,0.69
3.08,0.69
3.09,0.69
3.10,0.69
3.11,0.69
3.12,0.69
3.13,0.69
3.13,0.70
3.14,0.70
3.15,0.70
3.16,0.70
3.17,0.70
3.18,0.70
3.18,0.70
3.19,0.70
3.20,0.71
3.21,0.71
3.22,0.71
3.23,0.71
3.23,0.71
3.24,0.71
3.25,0.71
3.26,0.71
3.27,0.72
3.28,0.72
3.28,0.72
3.29,0.72
3.30,0.72
3.31,0.72
3.32,0.72
3.33,0.72
3.33,0.72
3.34,0.72
3.35,0.73
3.36,0.73
3.37,0.73
3.38,0.73
3.38,0.73
3.39,0.73
3.40,0.73
3.41,0.73
3.42,0.73
3.43,0.74
3.43,0.74
3.44,0.74
3.45,0.74
3.46,0.74
3.47,0.74
3.48,0.74
3.48,0.74
3.49,0.74
3.50,0.74
3.51,0.74
3.52,0.75
3.53,0.75
3.53,0.75
3.54,0.75
3.55,0.75
3.56,0.75
3.57,0.75
3.58,0.75
3.58,0.75
3.59,0.75
3.60,0.75
3.61,0.76
3.62,0.76
3.63,0.76
3.63,0.76
3.64,0.76
3.65,0.76
3.66,0.76
3.67,0.76
3.68,0.76
3.68,0.76
3.69,0.76
3.70,0.76
3.71,0.76
3.72,0.77
3.73,0.77
3.73,0.77
3.74,0.77
3.75,0.77
3.76,0.77
3.77,0.77
3.78,0.77
3.78,0.77
3.79,0.77
3.80,0.77
3.81,0.77
3.82,0.77
3.83,0.77
3.83,0.77
3.84,0.78
3.85,0.78
3.86,0.78
3.87,0.78
3.88,0.78
3.88,0.78
3.89,0.78
3.90,0.78
3.91,0.78
3.92,0.78
3.93,0.78
3.93,0.78
3.94,0.78
3.95,0.78
3.96,0.78
3.97,0.78
3.98,0.78
3.98,0.78
3.99,0.79
4.00,0.79
4.01,0.79
